spawns: 
  default: 
    world: world
    x: -5087.972698295118
    y: 75.0
    z: 4448.89337925294
    yaw: -180.21193
    pitch: -3.4084915E-5
