world: minage
x: -38.52824015228889
y: 69.0
z: 31.542365463840056
yaw: -179.25586
pitch: -2.0284991
name: minage
